2.652484282793248285e-02
9.509932197333468284e-01
9.762230625571122200e-01
9.707876311464405106e-01
9.681617725323083956e-01
9.824119624561625796e-01
9.658387516686245400e-01
9.815503666198536203e-01
9.796271365279791699e-01
9.813015992028043533e-01
6.861317297894825584e-01
9.439315728083008672e-01
9.785445796394615092e-01
3.155576107221849114e-01
6.045467896616915082e-01
1.167299527128228681e-01
9.577628359330665475e-01
3.201646380301663430e-02
3.749871438140959384e-02
3.212324039981820367e-02
4.017084548128244115e-02
7.640459287617698547e-02
9.458017904581125235e-01
9.825563181105395616e-01
7.028562805554254556e-02
9.823671397516183790e-01
9.825473287754303842e-01
1.115768603634579997e-01
9.818526258917901206e-01
2.881289505207876994e-02
9.778845965028644116e-01
5.576049007060381729e-02
9.687551768629807381e-01
3.526571939470683065e-02
9.790138255368275866e-01
2.844702532742439047e-02
9.708668920498987331e-01
4.244169660051212711e-02
9.812537980008569916e-01
3.275820521056634765e-02
5.898248996425144997e-01
9.761160797667625122e-01
3.541913352507231605e-01
9.824476632624986605e-01
8.495246523263247918e-01
3.819874001902495708e-02
9.790140609764804713e-01
9.755046098079632744e-01
9.770994274040097904e-01
4.070298244668813653e-02
3.798176352752880708e-02
1.102697317643748787e-01
3.995602663750925237e-02
9.824608755629604673e-01
9.831715672067176115e-01
9.831897596760167390e-01
9.599542830574827601e-01
9.655978595553019739e-01
9.766679432734555188e-01
3.212694569892045326e-02
3.046209560018240878e-02
3.297192704068765273e-02
9.783389137531497415e-01
9.797678050738973798e-01
3.579476605563951253e-02
7.940018539331366032e-01
3.195574047540944429e-02
3.068004784351652248e-02
3.888023237271932830e-02
9.768926629418159813e-01
7.522559079276898153e-01
2.928209846612813208e-02
9.824072526695767360e-01
6.007335876248374174e-01
6.211617044711402469e-02
9.717489818390614431e-01
9.812443395610902508e-01
9.266691610524971923e-01
9.767951569516776233e-01
9.785713814021672619e-01
5.231755695300861070e-02
3.255878784381159574e-02
2.922898004715801870e-02
9.679861588555694896e-01
7.342977682948303997e-02
9.757148351820634780e-01
9.757995430191690467e-01
9.823880274833219906e-01
3.277360515009365705e-02
2.926288489589599223e-02
9.824282803798254360e-01
4.429872744216544755e-01
6.067280414567233215e-01
3.234577885467419811e-02
9.665122979821426652e-01
9.716558517490441194e-01
3.243888113724193584e-02
9.288877386341543030e-01
9.806042121549296553e-01
9.818016367979248704e-01
9.837821772883618143e-01
9.767304541168065901e-01
9.672132667905505299e-01
8.419041070024420037e-01
3.656243257292097343e-02
9.274413774207985739e-01
3.047105608650587175e-02
9.376994017010826798e-01
3.855070925984678820e-01
1.026624240832737373e-01
9.799875374701121356e-01
2.917802022930756148e-02
2.916044624282546072e-02
8.760812883628206205e-01
