-3.602790546351882561e+00
2.965548271575205952e+00
3.714975012127851084e+00
3.503515522423532591e+00
3.414731504256146355e+00
4.022791748141719914e+00
3.341904984629514352e+00
3.974088829070777873e+00
3.872968232976005343e+00
3.960441851551855130e+00
7.820962589615736427e-01
2.823480818143214055e+00
3.820089034047378096e+00
-7.742632098585028322e-01
4.244465941893806327e-01
-2.023767812599269078e+00
3.121299687088711750e+00
-3.408964814733553617e+00
-3.245228752642400405e+00
-3.405524996540037375e+00
-3.173613808851859730e+00
-2.492231294124139573e+00
2.859385149652622804e+00
4.031180149619121522e+00
-2.582310071448514766e+00
4.020200887061592177e+00
4.030655798659819489e+00
-2.074734454062782341e+00
3.990915348614930469e+00
-3.517696110976741952e+00
3.789117307027480397e+00
-2.829314296768780768e+00
3.434158221667881428e+00
-3.308941336403776745e+00
3.842681902518255921e+00
-3.530852198878060122e+00
3.506314117829866461e+00
-3.116255321083705176e+00
3.957839967810595994e+00
-3.385295039033036524e+00
3.632415700140230186e-01
3.710376074606336338e+00
-6.006660131351667653e-01
4.024859984896041354e+00
1.730877692559189329e+00
-3.226005307593197813e+00
3.842693361865738844e+00
3.684469941216637956e+00
3.753426500495069096e+00
-3.159899374284606210e+00
-3.231927269954329329e+00
-2.087988876160487006e+00
-3.179199573658015421e+00
4.025626454013202071e+00
4.067713755169419798e+00
4.068813899089031239e+00
3.176863936475840866e+00
3.334628668408492924e+00
3.734318480283084885e+00
-3.405405828541061553e+00
-3.460336427241641033e+00
-3.378571022330830509e+00
3.810338757368312290e+00
3.880040466127686827e+00
-3.293502487078139307e+00
1.349218627099129542e+00
-3.410925973604137962e+00
-3.452982209440204731e+00
-3.207613073090004541e+00
3.744226593415653781e+00
1.110680242557146702e+00
-3.501059546978958714e+00
4.022519206353327270e+00
4.085226601688967674e-01
-2.714619743529334439e+00
3.537968023933462103e+00
3.957325903547847634e+00
2.536615367042702740e+00
3.739915955739087305e+00
3.821366387728076131e+00
-2.896687458713806507e+00
-3.391607348371369568e+00
-3.502929937217034162e+00
3.409049443424877701e+00
-2.535160304654216823e+00
3.693304704058287591e+00
3.696885662577835241e+00
4.021407442906721919e+00
-3.384809118494247038e+00
-3.501735709445044087e+00
4.023736574080424511e+00
-2.290470425840099022e-01
4.335792745073998589e-01
-3.398391285095013981e+00
3.362515755324446243e+00
3.534581081812040004e+00
-3.395420856428088996e+00
2.569728116085365333e+00
3.923113003588398762e+00
3.988057632675893416e+00
4.105293703120385551e+00
3.737065260587388416e+00
3.384395057658535766e+00
1.672464353953229121e+00
-3.271486407235458582e+00
2.548034765117565215e+00
-3.460033076436311639e+00
2.711458401114766659e+00
-4.662377956015113512e-01
-2.167985960488346464e+00
3.891184648730836582e+00
-3.504727420524342385e+00
-3.505348006213581336e+00
1.955833082241681620e+00
