-3.382133401632325231e+00 -2.619001467118887927e+00 1.050092916139596433e+00
-3.380780170666900730e+00 7.713380923066570638e-01 -2.946930373743252840e+00
1.578179946913820020e+00 -2.322105999953013811e+00 -3.318241365732103709e+00
-3.359112787333007777e+00 -2.600326042232576906e+00 1.215057046954748143e+00
1.578179946913820020e+00 -3.297124333382412509e+00 -3.249386641888231786e+00
-3.356082256012622445e+00 -2.924644167265643802e+00 1.449534064055689075e+00
1.578179946913820020e+00 -3.103474540104735002e+00 -3.249386641888231786e+00
-3.379567758556039969e+00 1.166559270617102184e+00 -1.878872237698234526e+00
-3.380246747853683065e+00 8.778898088556814638e-01 -1.786733660337887164e+00
-3.380780170666900730e+00 8.321597692726778739e-01 -2.946930373743252840e+00
-3.359240120242693806e+00 -1.218645328149255080e+00 -1.174223983304226726e+00
-3.379567758556039969e+00 1.166559270617102184e+00 -2.088210650582429384e+00
-3.380780170666900730e+00 8.271610460931870801e-01 -2.740148419067550023e+00
-3.386446563419738265e+00 1.127368575653278748e+00 -1.614665458123728081e+00
-3.374402269467306148e+00 7.832189150772410624e-01 -2.700382023328675718e+00
1.578179946913820020e+00 -3.369449867062773052e+00 -3.249386641888231786e+00
-3.380068662220143239e+00 7.832189150772410624e-01 -1.829438482225157037e+00
-3.382912943843186859e+00 1.041253294832857668e+00 -3.122701363677424791e+00
1.578179946913820020e+00 -2.918224931207337836e+00 -3.084668205412445463e+00
1.578179946913820020e+00 -2.940811531824742975e+00 -3.319204600894567037e+00
-3.384266174808611360e+00 -9.690133050579914364e-01 4.987937284183497910e-01
-3.381700531732326986e+00 1.092324812567264880e+00 -2.097811302923100030e+00
1.578179946913820020e+00 -3.021461599249665397e+00 -3.249386641888231786e+00
1.578179946913820020e+00 -3.111874724485015342e+00 -3.084668205412445463e+00
-3.386323931081339556e+00 -1.006322926502535076e+00 2.183989999384456648e-01
1.578179946913820020e+00 -3.369449867062773052e+00 -3.249386641888231786e+00
1.578179946913820020e+00 -2.684955109538154083e+00 -3.319204600894567037e+00
-3.374402269467306148e+00 8.761682777103847464e-01 -3.017140217129460567e+00
-3.382912943843186859e+00 3.305772498772013290e-01 -3.043825399045361202e+00
1.578179946913820020e+00 -2.757131071386990762e+00 -3.250349877050694225e+00
